{"producer":{"name":"Blender","version":"2.90.0","exporter_version":"6.4.4","file":"Soldier_Male_Walk.babylon"},
"autoClear":true,"clearColor":[0.1523,0.1523,0.1523],"gravity":[0,-9.81,0],
"materials":[{"name":"Skin","id":"Skin","customType":"BABYLON.PBRMaterial","backFaceCulling":true,"checkReadyOnlyOnce":false,"maxSimultaneousLights":4,"environmentIntensity":1,"albedo":[0.0134,0.0134,0.0134],"reflectivity":[0.5,0.5,0.5],"metallic":0},
{"name":"Main","id":"Main","customType":"BABYLON.PBRMaterial","backFaceCulling":true,"checkReadyOnlyOnce":false,"maxSimultaneousLights":4,"environmentIntensity":1,"albedo":[0.0627,0.0908,0.0404],"reflectivity":[0.5,0.5,0.5],"metallic":0},
{"name":"Black","id":"Black","customType":"BABYLON.PBRMaterial","backFaceCulling":true,"checkReadyOnlyOnce":false,"maxSimultaneousLights":4,"environmentIntensity":1,"albedo":[0.0204,0.0204,0.0204],"reflectivity":[0.5,0.5,0.5],"metallic":0},
{"name":"DarkGreen","id":"DarkGreen","customType":"BABYLON.PBRMaterial","backFaceCulling":true,"checkReadyOnlyOnce":false,"maxSimultaneousLights":4,"environmentIntensity":1,"albedo":[0.0321,0.042,0.0124],"reflectivity":[0.5,0.5,0.5],"metallic":0},
{"name":"Face","id":"Face","customType":"BABYLON.PBRMaterial","backFaceCulling":true,"checkReadyOnlyOnce":false,"maxSimultaneousLights":4,"environmentIntensity":1,"albedo":[1,1,0.9404],"reflectivity":[0.5,0.5,0.5],"metallic":0},
{"name":"Helmet","id":"Helmet","customType":"BABYLON.PBRMaterial","backFaceCulling":true,"checkReadyOnlyOnce":false,"maxSimultaneousLights":4,"environmentIntensity":1,"albedo":[0.0427,0.07,0.0211],"reflectivity":[0.5,0.5,0.5],"metallic":0}],
"multiMaterials":[{"name":"Soldier_Male_Walk.Multimaterial#0","id":"Soldier_Male_Walk.Multimaterial#0","materials":["Skin","Main","Black","DarkGreen","Face","Helmet"]}],
"skeletons":[{"name":"CharacterArmature","id":0,"dimensionsAtRest":[3.1044,2.81,1.022],"bones":[
{"name":"Bone","index":0,"matrix":[1,0,0,0,0,1,0,0,0,0,-1,0,-0.0013,-0.0024,0.0001,1],"rest":[1,0,0,0,0,1,0,0,0,0,-1,0,-0.0013,-0.0024,0.0001,1],"parentBoneIndex":-1,"length":0.1095
,"animation":{"dataType":3,"framePerSecond":24,"keys":[
{"frame":0,"values":[1,0,0,0,0,1,0,0,0,0,-1,0,-0.0013,-0.0024,0.0001,1]},
{"frame":55,"values":[1,0,0,0,0,1,0,0,0,0,-1,0,-0.0013,-0.0024,0.0001,1]},
{"frame":60,"values":[1,0,0,0,0,1,0,0,0,0,-1,0,-0.0013,-0.0024,0.0001,1]},
{"frame":120,"values":[1,0,0,0,0,1,0,0,0,0,-1,0,-0.0013,-0.0024,0.0001,1]},
{"frame":130,"values":[1,0,0,0,0,1,0,0,0,0,-1,0,-0.0013,-0.0024,0.0001,1]},
{"frame":230,"values":[1,0,0,0,0,1,0,0,0,0,-1,0,-0.0013,-0.0024,0.0001,1]},
{"frame":240,"values":[1,0,0,0,0,1,0,0,0,0,-1,0,-0.0013,-0.0024,0.0001,1]},
{"frame":265,"values":[1,0,0,0,0,1,0,0,0,0,-1,0,-0.0013,-0.0024,0.0001,1]},
{"frame":270,"values":[1,0,0,0,0,1,0,0,0,0,-1,0,-0.0013,-0.0024,0.0001,1]},
{"frame":300,"values":[1,0,0,0,0,1,0,0,0,0,-1,0,-0.0013,-0.0024,0.0001,1]},
{"frame":310,"values":[1,0,0,0,0,1,0,0,0,0,-1,0,-0.0013,-0.0024,0.0001,1]},
{"frame":328,"values":[1,0,0,0,0,1,0,0,0,0,-1,0,-0.0013,-0.0024,0.0001,1]},
{"frame":340,"values":[1,0,0,0,0,1,0,0,0,0,-1,0,-0.0013,-0.0024,0.0001,1]},
{"frame":355,"values":[1,0,0,0,0,1,0,0,0,0,-1,0,-0.0013,-0.0024,0.0001,1]},
{"frame":360,"values":[1,0,0,0,0,1,0,0,0,0,-1,0,-0.0013,-0.0024,0.0001,1]},
{"frame":382,"values":[1,0,0,0,0,1,0,0,0,0,-1,0,-0.0013,-0.0024,0.0001,1]},
{"frame":390,"values":[1,0,0,0,0,1,0,0,0,0,-1,0,-0.0013,-0.0024,0.0001,1]},
{"frame":411,"values":[1,0,0,0,0,1,0,0,0,0,-1,0,-0.0013,-0.0024,0.0001,1]},
{"frame":420,"values":[1,0,0,0,0,1,0,0,0,0,-1,0,-0.0013,-0.0024,0.0001,1]},
{"frame":441,"values":[1,0,0,0,0,1,0,0,0,0,-1,0,-0.0013,-0.0024,0.0001,1]},
{"frame":450,"values":[1,0,0,0,0,1,0,0,0,0,-1,0,-0.0013,-0.0024,0.0001,1]},
{"frame":463,"values":[1,0,0,0,0,1,0,0,0,0,-1,0,-0.0013,-0.0024,0.0001,1]},
{"frame":470,"values":[1,0,0,0,0,1,0,0,0,0,-1,0,-0.0013,-0.0024,0.0001,1]},
{"frame":493,"values":[1,0,0,0,0,1,0,0,0,0,-1,0,-0.0013,-0.0024,0.0001,1]},
{"frame":500,"values":[1,0,0,0,0,1,0,0,0,0,-1,0,-0.0013,-0.0024,0.0001,1]},
{"frame":531,"values":[1,0,0,0,0,1,0,0,0,0,-1,0,-0.0013,-0.0024,0.0001,1]},
{"frame":540,"values":[1,0,0,0,0,1,0,0,0,0,-1,0,-0.0013,-0.0024,0.0001,1]},
{"frame":565,"values":[1,0,0,0,0,1,0,0,0,0,-1,0,-0.0013,-0.0024,0.0001,1]},
{"frame":570,"values":[1,0,0,0,0,1,0,0,0,0,-1,0,-0.0013,-0.0024,0.0001,1]},
{"frame":615,"values":[1,0,0,0,0,1,0,0,0,0,-1,0,-0.0013,-0.0024,0.0001,1]},
{"frame":620,"values":[1,0,0,0,0,1,0,0,0,0,-1,0,-0.0013,-0.0024,0.0001,1]},
{"frame":650,"values":[1,0,0,0,0,1,0,0,0,0,-1,0,-0.0013,-0.0024,0.0001,1]},
{"frame":660,"values":[1,0,0,0,0,1,0,0,0,0,-1,0,-0.0013,-0.0024,0.0001,1]},
{"frame":690,"values":[1,0,0,0,0,1,0,0,0,0,-1,0,-0.0013,-0.0024,0.0001,1]}],"loopBehavior":1,"name":"anim","property":"_matrix"}},
{"name":"Foot.L","index":1,"matrix":[-1,0,0,0,0,-0.6501,0.7598,0,0,0.7598,0.6501,0,0.2654,0.2396,0.2126,1],"rest":[-1,0,0,0,0,-0.0117,0.9999,0,0,1.0012,0.0117,0,0.2654,0.0247,-0.0451,1],"parentBoneIndex":0,"length":0.1072
,"animation":{"dataType":3,"framePerSecond":24,"keys":[
{"frame":0,"values":[-1,0,0,0,0,-0.6619,0.7496,0,0,0.7496,0.6619,0,0.2654,0.0572,-0.457,1]},
{"frame":1,"values":[-1,0,0,0,0,-0.6883,0.7254,0,0,0.7254,0.6883,0,0.2654,0.0684,-0.4546,1]},
{"frame":2,"values":[-1,0,0,0,0,-0.762,0.6475,0,0,0.6475,0.762,0,0.2654,0.1015,-0.4455,1]},
{"frame":3,"values":[-1,0,0,0,0,-0.8586,0.5126,0,0,0.5126,0.8586,0,0.2654,0.1519,-0.4266,1]},
{"frame":4,"values":[-1,0,0,0,0,-0.94,0.3413,0,0,0.3413,0.94,0,0.2654,0.209,-0.3955,1]},
{"frame":5,"values":[-1,0,0,0,0,-0.9835,0.1812,0,0,0.1812,0.9835,0,0.2654,0.2591,-0.3521,1]},
{"frame":6,"values":[-1,0,0,0,0,-0.9972,0.0748,0,0,0.0748,0.9972,0,0.2654,0.2917,-0.2983,1]},
{"frame":7,"values":[-1,0,0,0,0,-0.9992,0.0391,0,0,0.0391,0.9992,0,0.2654,0.3022,-0.2371,1]},
{"frame":8,"values":[-1,0,0,0,0,-0.9964,0.0847,0,0,0.0847,0.9964,0,0.2654,0.2978,-0.1591,1]},
{"frame":9,"values":[-1,0,0,0,0,-0.9735,0.2286,0,0,0.2286,0.9735,0,0.2654,0.2858,-0.0542,1]},
{"frame":10,"values":[-1,0,0,0,0,-0.8818,0.4717,0,0,0.4717,0.8818,0,0.2654,0.2661,0.073,1]},
{"frame":11,"values":[-1,0,0,0,0,-0.6501,0.7598,0,0,0.7598,0.6501,0,0.2654,0.2396,0.2126,1]},
{"frame":12,"values":[-1,0,0,0,0,-0.2765,0.961,0,0,0.961,0.2765,0,0.2654,0.2083,0.3501,1]},
{"frame":13,"values":[-1,0,0,0,0,0.1059,0.9944,0,0,0.9944,-0.1059,0,0.2654,0.1753,0.4701,1]},
{"frame":14,"values":[-1,0,0,0,0,0.372,0.9282,0,0,0.9282,-0.372,0,0.2654,0.1432,0.5606,1]},
{"frame":15,"values":[-1,0,0,0,0,0.5069,0.862,0,0,0.862,-0.5069,0,0.2654,0.1143,0.6153,1]},
{"frame":16,"values":[-1,0,0,0,0,0.5402,0.8416,0,0,0.8416,-0.5402,0,0.2654,0.0897,0.633,1]},
{"frame":17,"values":[-1,0,0,0,0,0.4408,0.8976,0,0,0.8976,-0.4408,0,0.2654,0.0622,0.6193,1]},
{"frame":18,"values":[-1,0,0,0,0,0.1924,0.9813,0,0,0.9813,-0.1924,0,0.2654,0.0346,0.5746,1]},
{"frame":19,"values":[-1,0,0,0,0,-0.0117,0.9999,0,0,0.9999,0.0117,0,0.2654,0.0247,0.5122,1]},
{"frame":20,"values":[-1,0,0,0,0,-0.1355,0.9908,0,0,0.9908,0.1355,0,0.2654,0.026,0.4384,1]},
{"frame":21,"values":[-1,0,0,0,0,-0.2497,0.9683,0,0,0.9683,0.2497,0,0.2654,0.0282,0.3457,1]},
{"frame":22,"values":[-1,0,0,0,0,-0.3512,0.9363,0,0,0.9363,0.3512,0,0.2654,0.0314,0.2362,1]},
{"frame":23,"values":[-1,0,0,0,0,-0.4379,0.899,0,0,0.899,0.4379,0,0.2654,0.0354,0.1144,1]},
{"frame":24,"values":[-1,0,0,0,0,-0.5087,0.8609,0,0,0.8609,0.5087,0,0.2654,0.0399,-0.0127,1]},
{"frame":25,"values":[-1,0,0,0,0,-0.5638,0.8259,0,0,0.8259,0.5638,0,0.2654,0.0444,-0.1364,1]},
{"frame":26,"values":[-1,0,0,0,0,-0.6044,0.7967,0,0,0.7967,0.6044,0,0.2654,0.0487,-0.2475,1]},
{"frame":27,"values":[-1,0,0,0,0,-0.6324,0.7746,0,0,0.7746,0.6324,0,0.2654,0.0523,-0.3385,1]},
{"frame":28,"values":[-1,0,0,0,0,-0.65,0.76,0,0,0.76,0.65,0,0.2654,0.055,-0.4047,1]},
{"frame":29,"values":[-1,0,0,0,0,-0.6592,0.752,0,0,0.752,0.6592,0,0.2654,0.0566,-0.4442,1]},
{"frame":30,"values":[-1,0,0,0,0,-0.6619,0.7496,0,0,0.7496,0.6619,0,0.2654,0.0572,-0.457,1]},
{"frame":55,"values":[-1,0,0,0,0,-0.6619,0.7496,0,0,0.7496,0.6619,0,0.2654,0.0572,-0.457,1]},
{"frame":60,"values":[-1,0,0,0,0,-0.6619,0.7496,0,0,0.7496,0.6619,0,0.2654,0.0572,-0.457,1]},
{"frame":61,"values":[-1,0,0,0,0,-0.6883,0.7254,0,0,0.7254,0.6883,0,0.2654,0.0684,-0.4546,1]},
{"frame":62,"values":[-1,0,0,0,0,-0.762,0.6475,0,0,0.6475,0.762,0,0.2654,0.1015,-0.4455,1]},
{"frame":63,"values":[-1,0,0,0,0,-0.8586,0.5126,0,0,0.5126,0.8586,0,0.2654,0.1519,-0.4266,1]},
{"frame":64,"values":[-1,0,0,0,0,-0.94,0.3413,0,0,0.3413,0.94,0,0.2654,0.209,-0.3955,1]},
{"frame":65,"values":[-1,0,0,0,0,-0.9835,0.1812,0,0,0.1812,0.9835,0,0.2654,0.2591,-0.3521,1]},
{"frame":66,"values":[-1,0,0,0,0,-0.9972,0.0748,0,0,0.0748,0.9972,0,0.2654,0.2917,-0.2983,1]},
{"frame":67,"values":[-1,0,0,0,0,-0.9992,0.0391,0,0,0.0391,0.9992,0,0.2654,0.3022,-0.2371,1]},
{"frame":68,"values":[-1,0,0,0,0,-0.9964,0.0847,0,0,0.0847,0.9964,0,0.2654,0.2978,-0.1591,1]},
{"frame":69,"values":[-1,0,0,0,0,-0.9735,0.2286,0,0,0.2286,0.9735,0,0.2654,0.2858,-0.0542,1]},
{"frame":70,"values":[-1,0,0,0,0,-0.8818,0.4717,0,0,0.4717,0.8818,0,0.2654,0.2661,0.073,1]},
{"frame":71,"values":[-1,0,0,0,0,-0.6501,0.7598,0,0,0.7598,0.6501,0,0.2654,0.2396,0.2126,1]},
{"frame":72,"values":[-1,0,0,0,0,-0.2765,0.961,0,0,0.961,0.2765,0,0.2654,0.2083,0.3501,1]},
{"frame":73,"values":[-1,0,0,0,0,0.1059,0.9944,0,0,0.9944,-0.1059,0,0.2654,0.1753,0.4701,1]},
{"frame":74,"values":[-1,0,0,0,0,0.372,0.9282,0,0,0.9282,-0.372,0,0.2654,0.1432,0.5606,1]},
{"frame":75,"values":[-1,0,0,0,0,0.5069,0.862,0,0,0.862,-0.5069,0,0.2654,0.1143,0.6153,1]},
{"frame":76,"values":[-1,0,0,0,0,0.5402,0.8416,0,0,0.8416,-0.5402,0,0.2654,0.0897,0.633,1]},
{"frame":77,"values":[-1,0,0,0,0,0.4408,0.8976,0,0,0.8976,-0.4408,0,0.2654,0.0622,0.6193,1]},
{"frame":78,"values":[-1,0,0,0,0,0.1924,0.9813,0,0,0.9813,-0.1924,0,0.2654,0.0346,0.5746,1]},
{"frame":79,"values":[-1,0,0,0,0,-0.0117,0.9999,0,0,0.9999,0.0117,0,0.2654,0.0247,0.5122,1]},
{"frame":80,"values":[-1,0,0,0,0,-0.1355,0.9908,0,0,0.9908,0.1355,0,0.2654,0.026,0.4384,1]},
{"frame":81,"values":[-1,0,0,0,0,-0.2497,0.9683,0,0,0.9683,0.2497,0,0.2654,0.0282,0.3457,1]},
{"frame":82,"values":[-1,0,0,0,0,-0.3512,0.9363,0,0,0.9363,0.3512,0,0.2654,0.0314,0.2362,1]},
{"frame":83,"values":[-1,0,0,0,0,-0.4379,0.899,0,0,0.899,0.4379,0,0.2654,0.0354,0.1144,1]},
{"frame":84,"values":[-1,0,0,0,0,-0.5087,0.8609,0,0,0.8609,0.5087,0,0.2654,0.0399,-0.0127,1]},
{"frame":85,"values":[-1,0,0,0,0,-0.5638,0.8259,0,0,0.8259,0.5638,0,0.2654,0.0444,-0.1364,1]},
{"frame":86,"values":[-1,0,0,0,0,-0.6044,0.7967,0,0,0.7967,0.6044,0,0.2654,0.0487,-0.2475,1]},
{"frame":87,"values":[-1,0,0,0,0,-0.6324,0.7746,0,0,0.7746,0.6324,0,0.2654,0.0523,-0.3385,1]},
{"frame":88,"values":[-1,0,0,0,0,-0.65,0.76,0,0,0.76,0.65,0,0.2654,0.055,-0.4047,1]},
{"frame":89,"values":[-1,0,0,0,0,-0.6592,0.752,0,0,0.752,0.6592,0,0.2654,0.0566,-0.4442,1]},
{"frame":90,"values":[-1,0,0,0,0,-0.6619,0.7496,0,0,0.7496,0.6619,0,0.2654,0.0572,-0.457,1]},
{"frame":120,"values":[-1,0,0,0,0,-0.6619,0.7496,0,0,0.7496,0.6619,0,0.2654,0.0572,-0.457,1]},
{"frame":130,"values":[-1,0,0,0,0,-0.6619,0.7496,0,0,0.7496,0.6619,0,0.2654,0.0572,-0.457,1]},
{"frame":131,"values":[-1,0,0,0,0,-0.6883,0.7254,0,0,0.7254,0.6883,0,0.2654,0.0684,-0.4546,1]},
{"frame":132,"values":[-1,0,0,0,0,-0.762,0.6475,0,0,0.6475,0.762,0,0.2654,0.1015,-0.4455,1]},
{"frame":133,"values":[-1,0,0,0,0,-0.8586,0.5126,0,0,0.5126,0.8586,0,0.2654,0.1519,-0.4266,1]},
{"frame":134,"values":[-1,0,0,0,0,-0.94,0.3413,0,0,0.3413,0.94,0,0.2654,0.209,-0.3955,1]},
{"frame":135,"values":[-1,0,0,0,0,-0.9835,0.1812,0,0,0.1812,0.9835,0,0.2654,0.2591,-0.3521,1]},
{"frame":136,"values":[-1,0,0,0,0,-0.9972,0.0748,0,0,0.0748,0.9972,0,0.2654,0.2917,-0.2983,1]},
{"frame":137,"values":[-1,0,0,0,0,-0.9992,0.0391,0,0,0.0391,0.9992,0,0.2654,0.3022,-0.2371,1]},
{"frame":138,"values":[-1,0,0,0,0,-0.9964,0.0847,0,0,0.0847,0.9964,0,0.2654,0.2978,-0.1591,1]},
{"frame":139,"values":[-1,0,0,0,0,-0.9735,0.2286,0,0,0.2286,0.9735,0,0.2654,0.2858,-0.0542,1]},
{"frame":140,"values":[-1,0,0,0,0,-0.8818,0.4717,0,0,0.4717,0.8818,0,0.2654,0.2661,0.073,1]},
{"frame":141,"values":[-1,0,0,0,0,-0.6501,0.7598,0,0,0.7598,0.6501,0,0.2654,0.2396,0.2126,1]},
{"frame":142,"values":[-1,0,0,0,0,-0.2765,0.961,0,0,0.961,0.2765,0,0.2654,0.2083,0.3501,1]},
{"frame":143,"values":[-1,0,0,0,0,0.1059,0.9944,0,0,0.9944,-0.1059,0,0.2654,0.1753,0.4701,1]},
{"frame":144,"values":[-1,0,0,0,0,0.372,0.9282,0,0,0.9282,-0.372,0,0.2654,0.1432,0.5606,1]},
{"frame":145,"values":[-1,0,0,0,0,0.5069,0.862,0,0,0.862,-0.5069,0,0.2654,0.1143,0.6153,1]},
{"frame":146,"values":[-1,0,0,0,0,0.5402,0.8416,0,0,0.8416,-0.5402,0,0.2654,0.0897,0.633,1]},
{"frame":147,"values":[-1,0,0,0,0,0.4408,0.8976,0,0,0.8976,-0.4408,0,0.2654,0.0622,0.6193,1]},
{"frame":148,"values":[-1,0,0,0,0,0.1924,0.9813,0,0,0.9813,-0.1924,0,0.2654,0.0346,0.5746,1]},
{"frame":149,"values":[-1,0,0,0,0,-0.0117,0.9999,0,0,0.9999,0.0117,0,0.2654,0.0247,0.5122,1]},
{"frame":150,"values":[-1,0,0,0,0,-0.1355,0.9908,0,0,0.9908,0.1355,0,0.2654,0.026,0.4384,1]},
{"frame":151,"values":[-1,0,0,0,0,-0.2497,0.9683,0,0,0.9683,0.2497,0,0.2654,0.0282,0.3457,1]},
{"frame":152,"values":[-1,0,0,0,0,-0.3512,0.9363,0,0,0.9363,0.3512,0,0.2654,0.0314,0.2362,1]},
{"frame":153,"values":[-1,0,0,0,0,-0.4379,0.899,0,0,0.899,0.4379,0,0.2654,0.0354,0.1144,1]},
{"frame":154,"values":[-1,0,0,0,0,-0.5087,0.8609,0,0,0.8609,0.5087,0,0.2654,0.0399,-0.0127,1]},
{"frame":155,"values":[-1,0,0,0,0,-0.5638,0.8259,0,0,0.8259,0.5638,0,0.2654,0.0444,-0.1364,1]},
{"frame":156,"values":[-1,0,0,0,0,-0.6044,0.7967,0,0,0.7967,0.6044,0,0.2654,0.0487,-0.2475,1]},
{"frame":157,"values":[-1,0,0,0,0,-0.6324,0.7746,0,0,0.7746,0.6324,0,0.2654,0.0523,-0.3385,1]},
{"frame":158,"values":[-1,0,0,0,0,-0.65,0.76,0,0,0.76,0.65,0,0.2654,0.055,-0.4047,1]},
{"frame":159,"values":[-1,0,0,0,0,-0.6592,0.752,0,0,0.752,0.6592,0,0.2654,0.0566,-0.4442,1]},
{"frame":160,"values":[-1,0,0,0,0,-0.6619,0.7496,0,0,0.7496,0.6619,0,0.2654,0.0572,-0.457,1]},
{"frame":230,"values":[-1,0,0,0,0,-0.6619,0.7496,0,0,0.7496,0.6619,0,0.2654,0.0572,-0.457,1]},
{"frame":240,"values":[-1,0,0,0,0,-0.6619,0.7496,0,0,0.7496,0.6619,0,0.2654,0.0572,-0.457,1]},
{"frame":241,"values":[-1,0,0,0,0,-0.6883,0.7254,0,0,0.7254,0.6883,0,0.2654,0.0684,-0.4546,1]},
{"frame":242,"values":[-1,0,0,0,0,-0.762,0.6475,0,0,0.6475,0.762,0,0.2654,0.1015,-0.4455,1]},
{"frame":243,"values":[-1,0,0,0,0,-0.8586,0.5126,0,0,0.5126,0.8586,0,0.2654,0.1519,-0.4266,1]},
{"frame":244,"values":[-1,0,0,0,0,-0.94,0.3413,0,0,0.3413,0.94,0,0.2654,0.209,-0.3955,1]},
{"frame":245,"values":[-1,0,0,0,0,-0.9835,0.1812,0,0,0.1812,0.9835,0,0.2654,0.2591,-0.3521,1]},
{"frame":246,"values":[-1,0,0,0,0,-0.9972,0.0748,0,0,0.0748,0.9972,0,0.2654,0.2917,-0.2983,1]},
{"frame":247,"values":[-1,0,0,0,0,-0.9992,0.0391,0,0,0.0391,0.9992,0,0.2654,0.3022,-0.2371,1]},
{"frame":248,"values":[-1,0,0,0,0,-0.9964,0.0847,0,0,0.0847,0.9964,0,0.2654,0.2978,-0.1591,1]},
{"frame":249,"values":[-1,0,0,0,0,-0.9735,0.2286,0,0,0.2286,0.9735,0,0.2654,0.2858,-0.0542,1]},
{"frame":250,"values":[-1,0,0,0,0,-0.8818,0.4717,0,0,0.4717,0.8818,0,0.2654,0.2661,0.073,1]},
{"frame":251,"values":[-1,0,0,0,0,-0.6501,0.7598,0,0,0.7598,0.6501,0,0.2654,0.2396,0.2126,1]},
{"frame":252,"values":[-1,0,0,0,0,-0.2765,0.961,0,0,0.961,0.2765,0,0.2654,0.2083,0.3501,1]},
{"frame":253,"values":[-1,0,0,0,0,0.1059,0.9944,0,0,0.9944,-0.1059,0,0.2654,0.1753,0.4701,1]},
{"frame":254,"values":[-1,0,0,0,0,0.372,0.9282,0,0,0.9282,-0.372,0,0.2654,0.1432,0.5606,1]},
{"frame":255,"values":[-1,0,0,0,0,0.5069,0.862,0,0,0.862,-0.5069,0,0.2654,0.1143,0.6153,1]},
{"frame":256,"values":[-1,0,0,0,0,0.5402,0.8416,0,0,0.8416,-0.5402,0,0.2654,0.0897,0.633,1]},
{"frame":257,"values":[-1,0,0,0,0,0.4408,0.8976,0,0,0.8976,-0.4408,0,0.2654,0.0622,0.6193,1]},
{"frame":258,"values":[-1,0,0,0,0,0.1924,0.9813,0,0,0.9813,-0.1924,0,0.2654,0.0346,0.5746,1]},
{"frame":259,"values":[-1,0,0,0,0,-0.0117,0.9999,0,0,0.9999,0.0117,0,0.2654,0.0247,0.5122,1]},
{"frame":260,"values":[-1,0,0,0,0,-0.1355,0.9908,0,0,0.9908,0.1355,0,0.2654,0.026,0.4384,1]},
{"frame":261,"values":[-1,0,0,0,0,-0.2497,0.9683,0,0,0.9683,0.2497,0,0.2654,0.0282,0.3457,1]},
{"frame":262,"values":[-1,0,0,0,0,-0.3512,0.9363,0,0,0.9363,0.3512,0,0.2654,0.0314,0.2362,1]},
{"frame":263,"values":[-1,0,0,0,0,-0.4379,0.899,0,0,0.899,0.4379,0,0.2654,0.0354,0.1144,1]},
{"frame":264,"values":[-1,0,0,0,0,-0.5087,0.8609,0,0,0.8609,0.5087,0,0.2654,0.0399,-0.0127,1]},
{"frame":265,"values":[-1,0,0,0,0,-0.5638,0.8259,0,0,0.8259,0.5638,0,0.2654,0.0444,-0.1364,1]},
{"frame":270,"values":[-1,0,0,0,0,-0.6619,0.7496,0,0,0.7496,0.6619,0,0.2654,0.0572,-0.457,1]},
{"frame":271,"values":[-1,0,0,0,0,-0.6883,0.7254,0,0,0.7254,0.6883,0,0.2654,0.0684,-0.4546,1]},
{"frame":272,"values":[-1,0,0,0,0,-0.762,0.6475,0,0,0.6475,0.762,0,0.2654,0.1015,-0.4455,1]},
{"frame":273,"values":[-1,0,0,0,0,-0.8586,0.5126,0,0,0.5126,0.8586,0,0.2654,0.1519,-0.4266,1]},
{"frame":274,"values":[-1,0,0,0,0,-0.94,0.3413,0,0,0.3413,0.94,0,0.2654,0.209,-0.3955,1]},
{"frame":275,"values":[-1,0,0,0,0,-0.9835,0.1812,0,0,0.1812,0.9835,0,0.2654,0.2591,-0.3521,1]},
{"frame":276,"values":[-1,0,0,0,0,-0.9972,0.0748,0,0,0.0748,0.9972,0,0.2654,0.2917,-0.2983,1]},
{"frame":277,"values":[-1,0,0,0,0,-0.9992,0.0391,0,0,0.0391,0.9992,0,0.2654,0.3022,-0.2371,1]},
{"frame":278,"values":[-1,0,0,0,0,-0.9964,0.0847,0,0,0.0847,0.9964,0,0.2654,0.2978,-0.1591,1]},
{"frame":279,"values":[-1,0,0,0,0,-0.9735,0.2286,0,0,0.2286,0.9735,0,0.2654,0.2858,-0.0542,1]},
{"frame":280,"values":[-1,0,0,0,0,-0.8818,0.4717,0,0,0.4717,0.8818,0,0.2654,0.2661,0.073,1]},
{"frame":281,"values":[-1,0,0,0,0,-0.6501,0.7598,0,0,0.7598,0.6501,0,0.2654,0.2396,0.2126,1]},
{"frame":282,"values":[-1,0,0,0,0,-0.2765,0.961,0,0,0.961,0.2765,0,0.2654,0.2083,0.3501,1]},
{"frame":283,"values":[-1,0,0,0,0,0.1059,0.9944,0,0,0.9944,-0.1059,0,0.2654,0.1753,0.4701,1]},
{"frame":284,"values":[-1,0,0,0,0,0.372,0.9282,0,0,0.9282,-0.372,0,0.2654,0.1432,0.5606,1]},
{"frame":285,"values":[-1,0,0,0,0,0.5069,0.862,0,0,0.862,-0.5069,0,0.2654,0.1143,0.6153,1]},
{"frame":286,"values":[-1,0,0,0,0,0.5402,0.8416,0,0,0.8416,-0.5402,0,0.2654,0.0897,0.633,1]},
{"frame":287,"values":[-1,0,0,0,0,0.4408,0.8976,0,0,0.8976,-0.4408,0,0.2654,0.0622,0.6193,1]},
{"frame":288,"values":[-1,0,0,0,0,0.1924,0.9813,0,0,0.9813,-0.1924,0,0.2654,0.0346,0.5746,1]},
{"frame":289,"values":[-1,0,0,0,0,-0.0117,0.9999,0,0,0.9999,0.0117,0,0.2654,0.0247,0.5122,1]},
{"frame":290,"values":[-1,0,0,0,0,-0.1355,0.9908,0,0,0.9908,0.1355,0,0.2654,0.026,0.4384,1]},
{"frame":291,"values":[-1,0,0,0,0,-0.2497,0.9683,0,0,0.9683,0.2497,0,0.2654,0.0282,0.3457,1]},
{"frame":292,"values":[-1,0,0,0,0,-0.3512,0.9363,0,0,0.9363,0.3512,0,0.2654,0.0314,0.2362,1]},
{"frame":293,"values":[-1,0,0,0,0,-0.4379,0.899,0,0,0.899,0.4379,0,0.2654,0.0354,0.1144,1]},
{"frame":294,"values":[-1,0,0,0,0,-0.5087,0.8609,0,0,0.8609,0.5087,0,0.2654,0.0399,-0.0127,1]},
{"frame":295,"values":[-1,0,0,0,0,-0.5638,0.8259,0,0,0.8259,0.5638,0,0.2654,0.0444,-0.1364,1]},
{"frame":296,"values":[-1,0,0,0,0,-0.6044,0.7967,0,0,0.7967,0.6044,0,0.2654,0.0487,-0.2475,1]},
{"frame":297,"values":[-1,0,0,0,0,-0.6324,0.7746,0,0,0.7746,0.6324,0,0.2654,0.0523,-0.3385,1]},
{"frame":298,"values":[-1,0,0,0,0,-0.65,0.76,0,0,0.76,0.65,0,0.2654,0.055,-0.4047,1]},
{"frame":299,"values":[-1,0,0,0,0,-0.6592,0.752,0,0,0.752,0.6592,0,0.2654,0.0566,-0.4442,1]},
{"frame":300,"values":[-1,0,0,0,0,-0.6619,0.7496,0,0,0.7496,0.6619,0,0.2654,0.0572,-0.457,1]},
{"frame":310,"values":[-1,0,0,0,0,-0.6619,0.7496,0,0,0.7496,0.6619,0,0.2654,0.0572,-0.457,1]},
{"frame":311,"values":[-1,0,0,0,0,-0.6883,0.7254,0,0,0.7254,0.6883,0,0.2654,0.0684,-0.4546,1]},
{"frame":312,"values":[-1,0,0,0,0,-0.762,0.6475,0,0,0.6475,0.762,0,0.2654,0.1015,-0.4455,1]},
{"frame":313,"values":[-1,0,0,0,0,-0.8586,0.5126,0,0,0.5126,0.8586,0,0.2654,0.1519,-0.4266,1]},
{"frame":314,"values":[-1,0,0,0,0,-0.94,0.3413,0,0,0.3413,0.94,0,0.2654,0.209,-0.3955,1]},
{"frame":315,"values":[-1,0,0,0,0,-0.9835,0.1812,0,0,0.1812,0.9835,0,0.2654,0.2591,-0.3521,1]},
{"frame":316,"values":[-1,0,0,0,0,-0.9972,0.0748,0,0,0.0748,0.9972,0,0.2654,0.2917,-0.2983,1]},
{"frame":317,"values":[-1,0,0,0,0,-0.9992,0.0391,0,0,0.0391,0.9992,0,0.2654,0.3022,-0.2371,1]},
{"frame":318,"values":[-1,0,0,0,0,-0.9964,0.0847,0,0,0.0847,0.9964,0,0.2654,0.2978,-0.1591,1]},
{"frame":319,"values":[-1,0,0,0,0,-0.9735,0.2286,0,0,0.2286,0.9735,0,0.2654,0.2858,-0.0542,1]},
{"frame":320,"values":[-1,0,0,0,0,-0.8818,0.4717,0,0,0.4717,0.8818,0,0.2654,0.2661,0.073,1]},
{"frame":321,"values":[-1,0,0,0,0,-0.6501,0.7598,0,0,0.7598,0.6501,0,0.2654,0.2396,0.2126,1]},
{"frame":322,"values":[-1,0,0,0,0,-0.2765,0.961,0,0,0.961,0.2765,0,0.2654,0.2083,0.3501,1]},
{"frame":323,"values":[-1,0,0,0,0,0.1059,0.9944,0,0,0.9944,-0.1059,0,0.2654,0.1753,0.4701,1]},
{"frame":324,"values":[-1,0,0,0,0,0.372,0.9282,0,0,0.9282,-0.372,0,0.2654,0.1432,0.5606,1]},
{"frame":325,"values":[-1,0,0,0,0,0.5069,0.862,0,0,0.862,-0.5069,0,0.2654,0.1143,0.6153,1]},
{"frame":326,"values":[-1,0,0,0,0,0.5402,0.8416,0,0,0.8416,-0.5402,0,0.2654,0.0897,0.633,1]},
{"frame":327,"values":[-1,0,0,0,0,0.4408,0.8976,0,0,0.8976,-0.4408,0,0.2654,0.0622,0.6193,1]},
{"frame":328,"values":[-1,0,0,0,0,0.1924,0.9813,0,0,0.9813,-0.1924,0,0.2654,0.0346,0.5746,1]},
{"frame":340,"values":[-1,0,0,0,0,-0.6619,0.7496,0,0,0.7496,0.6619,0,0.2654,0.0572,-0.457,1]},
{"frame":341,"values":[-1,0,0,0,0,-0.6883,0.7254,0,0,0.7254,0.6883,0,0.2654,0.0684,-0.4546,1]},
{"frame":342,"values":[-1,0,0,0,0,-0.762,0.6475,0,0,0.6475,0.762,0,0.2654,0.1015,-0.4455,1]},
{"frame":343,"values":[-1,0,0,0,0,-0.8586,0.5126,0,0,0.5126,0.8586,0,0.2654,0.1519,-0.4266,1]},
{"frame":344,"values":[-1,0,0,0,0,-0.94,0.3413,0,0,0.3413,0.94,0,0.2654,0.209,-0.3955,1]},
{"frame":345,"values":[-1,0,0,0,0,-0.9835,0.1812,0,0,0.1812,0.9835,0,0.2654,0.2591,-0.3521,1]},
{"frame":346,"values":[-1,0,0,0,0,-0.9972,0.0748,0,0,0.0748,0.9972,0,0.2654,0.2917,-0.2983,1]},
{"frame":347,"values":[-1,0,0,0,0,-0.9992,0.0391,0,0,0.0391,0.9992,0,0.2654,0.3022,-0.2371,1]},
{"frame":348,"values":[-1,0,0,0,0,-0.9964,0.0847,0,0,0.0847,0.9964,0,0.2654,0.2978,-0.1591,1]},
{"frame":349,"values":[-1,0,0,0,0,-0.9735,0.2286,0,0,0.2286,0.9735,0,0.2654,0.2858,-0.0542,1]},
{"frame":350,"values":[-1,0,0,0,0,-0.8818,0.4717,0,0,0.4717,0.8818,0,0.2654,0.2661,0.073,1]},
{"frame":351,"values":[-1,0,0,0,0,-0.6501,0.7598,0,0,0.7598,0.6501,0,0.2654,0.2396,0.2126,1]},
{"frame":352,"values":[-1,0,0,0,0,-0.2765,0.961,0,0,0.961,0.2765,0,0.2654,0.2083,0.3501,1]},
{"frame":353,"values":[-1,0,0,0,0,0.1059,0.9944,0,0,0.9944,-0.1059,0,0.2654,0.1753,0.4701,1]},
{"frame":354,"values":[-1,0,0,0,0,0.372,0.9282,0,0,0.9282,-0.372,0,0.2654,0.1432,0.5606,1]},
{"frame":355,"values":[-1,0,0,0,0,0.5069,0.862,0,0,0.862,-0.5069,0,0.2654,0.1143,0.6153,1]},
{"frame":360,"values":[-1,0,0,0,0,-0.6619,0.7496,0,0,0.7496,0.6619,0,0.2654,0.0572,-0.457,1]},
{"frame":361,"values":[-1,0,0,0,0,-0.6883,0.7254,0,0,0.7254,0.6883,0,0.2654,0.0684,-0.4546,1]},
{"frame":362,"values":[-1,0,0,0,0,-0.762,0.6475,0,0,0.6475,0.762,0,0.2654,0.1015,-0.4455,1]},
{"frame":363,"values":[-1,0,0,0,0,-0.8586,0.5126,0,0,0.5126,0.8586,0,0.2654,0.1519,-0.4266,1]},
{"frame":364,"values":[-1,0,0,0,0,-0.94,0.3413,0,0,0.3413,0.94,0,0.2654,0.209,-0.3955,1]},
{"frame":365,"values":[-1,0,0,0,0,-0.9835,0.1812,0,0,0.1812,0.9835,0,0.2654,0.2591,-0.3521,1]},
{"frame":366,"values":[-1,0,0,0,0,-0.9972,0.0748,0,0,0.0748,0.9972,0,0.2654,0.2917,-0.2983,1]},
{"frame":367,"values":[-1,0,0,0,0,-0.9992,0.0391,0,0,0.0391,0.9992,0,0.2654,0.3022,-0.2371,1]},
{"frame":368,"values":[-1,0,0,0,0,-0.9964,0.0847,0,0,0.0847,0.9964,0,0.2654,0.2978,-0.1591,1]},
{"frame":369,"values":[-1,0,0,0,0,-0.9735,0.2286,0,0,0.2286,0.9735,0,0.2654,0.2858,-0.0542,1]},
{"frame":370,"values":[-1,0,0,0,0,-0.8818,0.4717,0,0,0.4717,0.8818,0,0.2654,0.2661,0.073,1]},
{"frame":371,"values":[-1,0,0,0,0,-0.6501,0.7598,0,0,0.7598,0.6501,0,0.2654,0.2396,0.2126,1]},
{"frame":372,"values":[-1,0,0,0,0,-0.2765,0.961,0,0,0.961,0.2765,0,0.2654,0.2083,0.3501,1]},
{"frame":373,"values":[-1,0,0,0,0,0.1059,0.9944,0,0,0.9944,-0.1059,0,0.2654,0.1753,0.4701,1]},
{"frame":374,"values":[-1,0,0,0,0,0.372,0.9282,0,0,0.9282,-0.372,0,0.2654,0.1432,0.5606,1]},
{"frame":375,"values":[-1,0,0,0,0,0.5069,0.862,0,0,0.862,-0.5069,0,0.2654,0.1143,0.6153,1]},
{"frame":376,"values":[-1,0,0,0,0,0.5402,0.8416,0,0,0.8416,-0.5402,0,0.2654,0.0897,0.633,1]},
{"frame":377,"values":[-1,0,0,0,0,0.4408,0.8976,0,0,0.8976,-0.4408,0,0.2654,0.0622,0.6193,1]},
{"frame":378,"values":[-1,0,0,0,0,0.1924,0.9813,0,0,0.9813,-0.1924,0,0.2654,0.0346,0.5746,1]},
{"frame":379,"values":[-1,0,0,0,0,-0.0117,0.9999,0,0,0.9999,0.0117,0,0.2654,0.0247,0.5122,1]},
{"frame":380,"values":[-1,0,0,0,0,-0.1355,0.9908,0,0,0.9908,0.1355,0,0.2654,0.026,0.4384,1]},
{"frame":381,"values":[-1,0,0,0,0,-0.2497,0.9683,0,0,0.9683,0.2497,0,0.2654,0.0282,0.3457,1]},
{"frame":382,"values":[-1,0,0,0,0,-0.3512,0.9363,0,0,0.9363,0.3512,0,0.2654,0.0314,0.2362,1]},
{"frame":390,"values":[-1,0,0,0,0,-0.6619,0.7496,0,0,0.7496,0.6619,0,0.2654,0.0572,-0.457,1]},
{"frame":391,"values":[-1,0,0,0,0,-0.6883,0.7254,0,0,0.7254,0.6883,0,0.2654,0.0684,-0.4546,1]},
{"frame":392,"values":[-1,0,0,0,0,-0.762,0.6475,0,0,0.6475,0.762,0,0.2654,0.1015,-0.4455,1]},
{"frame":393,"values":[-1,0,0,0,0,-0.8586,0.5126,0,0,0.5126,0.8586,0,0.2654,0.1519,-0.4266,1]},
{"frame":394,"values":[-1,0,0,0,0,-0.94,0.3413,0,0,0.3413,0.94,0,0.2654,0.209,-0.3955,1]},
{"frame":395,"values":[-1,0,0,0,0,-0.9835,0.1812,0,0,0.1812,0.9835,0,0.2654,0.2591,-0.3521,1]},
{"frame":396,"values":[-1,0,0,0,0,-0.9972,0.0748,0,0,0.0748,0.9972,0,0.2654,0.2917,-0.2983,1]},
{"frame":397,"values":[-1,0,0,0,0,-0.9992,0.0391,0,0,0.0391,0.9992,0,0.2654,0.3022,-0.2371,1]},
{"frame":398,"values":[-1,0,0,0,0,-0.9964,0.0847,0,0,0.0847,0.9964,0,0.2654,0.2978,-0.1591,1]},
{"frame":399,"values":[-1,0,0,0,0,-0.9735,0.2286,0,0,0.2286,0.9735,0,0.2654,0.2858,-0.0542,1]},
{"frame":400,"values":[-1,0,0,0,0,-0.8818,0.4717,0,0,0.4717,0.8818,0,0.2654,0.2661,0.073,1]},
{"frame":401,"values":[-1,0,0,0,0,-0.6501,0.7598,0,0,0.7598,0.6501,0,0.2654,0.2396,0.2126,1]},
{"frame":402,"values":[-1,0,0,0,0,-0.2765,0.961,0,0,0.961,0.2765,0,0.2654,0.2083,0.3501,1]},
{"frame":403,"values":[-1,0,0,0,0,0.1059,0.9944,0,0,0.9944,-0.1059,0,0.2654,0.1753,0.4701,1]},
{"frame":404,"values":[-1,0,0,0,0,0.372,0.9282,0,0,0.9282,-0.372,0,0.2654,0.1432,0.5606,1]},
{"frame":405,"values":[-1,0,0,0,0,0.5069,0.862,0,0,0.862,-0.5069,0,0.2654,0.1143,0.6153,1]},
{"frame":406,"values":[-1,0,0,0,0,0.5402,0.8416,0,0,0.8416,-0.5402,0,0.2654,0.0897,0.633,1]},
{"frame":407,"values":[-1,0,0,0,0,0.4408,0.8976,0,0,0.8976,-0.4408,0,0.2654,0.0622,0.6193,1]},
{"frame":408,"values":[-1,0,0,0,0,0.1924,0.9813,0,0,0.9813,-0.1924,0,0.2654,0.0346,0.5746,1]},
{"frame":409,"values":[-1,0,0,0,0,-0.0117,0.9999,0,0,0.9999,0.0117,0,0.2654,0.0247,0.5122,1]},
{"frame":410,"values":[-1,0,0,0,0,-0.1355,0.9908,0,0,0.9908,0.1355,0,0.2654,0.026,0.4384,1]},
{"frame":411,"values":[-1,0,0,0,0,-0.2497,0.9683,0,0,0.9683,0.2497,0,0.2654,0.0282,0.3457,1]},
{"frame":420,"values":[-1,0,0,0,0,-0.6619,0.7496,0,0,0.7496,0.6619,0,0.2654,0.0572,-0.457,1]},
{"frame":421,"values":[-1,0,0,0,0,-0.6883,0.7254,0,0,0.7254,0.6883,0,0.2654,0.0684,-0.4546,1]},
{"frame":422,"values":[-1,0,0,0,0,-0.762,0.6475,0,0,0.6475,0.762,0,0.2654,0.1015,-0.4455,1]},
{"frame":423,"values":[-1,0,0,0,0,-0.8586,0.5126,0,0,0.5126,0.8586,0,0.2654,0.1519,-0.4266,1]},
{"frame":424,"values":[-1,0,0,0,0,-0.94,0.3413,0,0,0.3413,0.94,0,0.2654,0.209,-0.3955,1]},
{"frame":425,"values":[-1,0,0,0,0,-0.9835,0.1812,0,0,0.1812,0.9835,0,0.2654,0.2591,-0.3521,1]},
{"frame":426,"values":[-1,0,0,0,0,-0.9972,0.0748,0,0,0.0748,0.9972,0,0.2654,0.2917,-0.2983,1]},
{"frame":427,"values":[-1,0,0,0,0,-0.9992,0.0391,0,0,0.0391,0.9992,0,0.2654,0.3022,-0.2371,1]},
{"frame":428,"values":[-1,0,0,0,0,-0.9964,0.0847,0,0,0.0847,0.9964,0,0.2654,0.2978,-0.1591,1]},
{"frame":429,"values":[-1,0,0,0,0,-0.9735,0.2286,0,0,0.2286,0.9735,0,0.2654,0.2858,-0.0542,1]},
{"frame":430,"values":[-1,0,0,0,0,-0.8818,0.4717,0,0,0.4717,0.8818,0,0.2654,0.2661,0.073,1]},
{"frame":431,"values":[-1,0,0,0,0,-0.6501,0.7598,0,0,0.7598,0.6501,0,0.2654,0.2396,0.2126,1]},
{"frame":432,"values":[-1,0,0,0,0,-0.2765,0.961,0,0,0.961,0.2765,0,0.2654,0.2083,0.3501,1]},
{"frame":433,"values":[-1,0,0,0,0,0.1059,0.9944,0,0,0.9944,-0.1059,0,0.2654,0.1753,0.4701,1]},
{"frame":434,"values":[-1,0,0,0,0,0.372,0.9282,0,0,0.9282,-0.372,0,0.2654,0.1432,0.5606,1]},
{"frame":435,"values":[-1,0,0,0,0,0.5069,0.862,0,0,0.862,-0.5069,0,0.2654,0.1143,0.6153,1]},
{"frame":436,"values":[-1,0,0,0,0,0.5402,0.8416,0,0,0.8416,-0.5402,0,0.2654,0.0897,0.633,1]},
{"frame":437,"values":[-1,0,0,0,0,0.4408,0.8976,0,0,0.8976,-0.4408,0,0.2654,0.0622,0.6193,1]},
{"frame":438,"values":[-1,0,0,0,0,0.1924,0.9813,0,0,0.9813,-0.1924,0,0.2654,0.0346,0.5746,1]},
{"frame":439,"values":[-1,0,0,0,0,-0.0117,0.9999,0,0,0.9999,0.0117,0,0.2654,0.0247,0.5122,1]},
{"frame":440,"values":[-1,0,0,0,0,-0.1355,0.9908,0,0,0.9908,0.1355,0,0.2654,0.026,0.4384,1]},
{"frame":441,"values":[-1,0,0,0,0,-0.2497,0.9683,0,0,0.9683,0.2497,0,0.2654,0.0282,0.3457,1]},
{"frame":450,"values":[-1,0,0,0,0,-0.6619,0.7496,0,0,0.7496,0.6619,0,0.2654,0.0572,-0.457,1]},
{"frame":451,"values":[-1,0,0,0,0,-0.6883,0.7254,0,0,0.7254,0.6883,0,0.2654,0.0684,-0.4546,1]},
{"frame":452,"values":[-1,0,0,0,0,-0.762,0.6475,0,0,0.6475,0.762,0,0.2654,0.1015,-0.4455,1]},
{"frame":453,"values":[-1,0,0,0,0,-0.8586,0.5126,0,0,0.5126,0.8586,0,0.2654,0.1519,-0.4266,1]},
{"frame":454,"values":[-1,0,0,0,0,-0.94,0.3413,0,0,0.3413,0.94,0,0.2654,0.209,-0.3955,1]},
{"frame":455,"values":[-1,0,0,0,0,-0.9835,0.1812,0,0,0.1812,0.9835,0,0.2654,0.2591,-0.3521,1]},
{"frame":456,"values":[-1,0,0,0,0,-0.9972,0.0748,0,0,0.0748,0.9972,0,0.2654,0.2917,-0.2983,1]},
{"frame":457,"values":[-1,0,0,0,0,-0.9992,0.0391,0,0,0.0391,0.9992,0,0.2654,0.3022,-0.2371,1]},
{"frame":458,"values":[-1,0,0,0,0,-0.9964,0.0847,0,0,0.0847,0.9964,0,0.2654,0.2978,-0.1591,1]},
{"frame":459,"values":[-1,0,0,0,0,-0.9735,0.2286,0,0,0.2286,0.9735,0,0.2654,0.2858,-0.0542,1]},
{"frame":460,"values":[-1,0,0,0,0,-0.8818,0.4717,0,0,0.4717,0.8818,0,0.2654,0.2661,0.073,1]},
{"frame":461,"values":[-1,0,0,0,0,-0.6501,0.7598,0,0,0.7598,0.6501,0,0.2654,0.2396,0.2126,1]},
{"frame":462,"values":[-1,0,0,0,0,-0.2765,0.961,0,0,0.961,0.2765,0,0.2654,0.2083,0.3501,1]},
{"frame":463,"values":[-1,0,0,0,0,0.1059,0.9944,0,0,0.9944,-0.1059,0,0.2654,0.1753,0.4701,1]},
{"frame":470,"values":[-1,0,0,0,0,-0.6619,0.7496,0,0,0.7496,0.6619,0,0.2654,0.0572,-0.457,1]},
{"frame":471,"values":[-1,0,0,0,0,-0.6883,0.7254,0,0,0.7254,0.6883,0,0.2654,0.0684,-0.4546,1]},
{"frame":472,"values":[-1,0,0,0,0,-0.762,0.6475,0,0,0.6475,0.762,0,0.2654,0.1015,-0.4455,1]},
{"frame":473,"values":[-1,0,0,0,0,-0.8586,0.5126,0,0,0.5126,0.8586,0,0.2654,0.1519,-0.4266,1]},
{"frame":474,"values":[-1,0,0,0,0,-0.94,0.3413,0,0,0.3413,0.94,0,0.2654,0.209,-0.3955,1]},
{"frame":475,"values":[-1,0,0,0,0,-0.9835,0.1812,0,0,0.1812,0.9835,0,0.2654,0.2591,-0.3521,1]},
{"frame":476,"values":[-1,0,0,0,0,-0.9972,0.0748,0,0,0.0748,0.9972,0,0.2654,0.2917,-0.2983,1]},
{"frame":477,"values":[-1,0,0,0,0,-0.9992,0.0391,0,0,0.0391,0.9992,0,0.2654,0.3022,-0.2371,1]},
{"frame":478,"values":[-1,0,0,0,0,-0.9964,0.0847,0,0,0.0847,0.9964,0,0.2654,0.2978,-0.1591,1]},
{"frame":479,"values":[-1,0,0,0,0,-0.9735,0.2286,0,0,0.2286,0.9735,0,0.2654,0.2858,-0.0542,1]},
{"frame":480,"values":[-1,0,0,0,0,-0.8818,0.4717,0,0,0.4717,0.8818,0,0.2654,0.2661,0.073,1]},
{"frame":481,"values":[-1,0,0,0,0,-0.6501,0.7598,0,0,0.7598,0.6501,0,0.2654,0.2396,0.2126,1]},
{"frame":482,"values":[-1,0,0,0,0,-0.2765,0.961,0,0,0.961,0.2765,0,0.2654,0.2083,0.3501,1]},
{"frame":483,"values":[-1,0,0,0,0,0.1059,0.9944,0,0,0.9944,-0.1059,0,0.2654,0.1753,0.4701,1]},
{"frame":484,"values":[-1,0,0,0,0,0.372,0.9282,0,0,0.9282,-0.372,0,0.2654,0.1432,0.5606,1]},
{"frame":485,"values":[-1,0,0,0,0,0.5069,0.862,0,0,0.862,-0.5069,0,0.2654,0.1143,0.6153,1]},
{"frame":486,"values":[-1,0,0,0,0,0.5402,0.8416,0,0,0.8416,-0.5402,0,0.2654,0.0897,0.633,1]},
{"frame":487,"values":[-1,0,0,0,0,0.4408,0.8976,0,0,0.8976,-0.4408,0,0.2654,0.0622,0.6193,1]},
{"frame":488,"values":[-1,0,0,0,0,0.1924,0.9813,0,0,0.9813,-0.1924,0,0.2654,0.0346,0.5746,1]},
{"frame":489,"values":[-1,0,0,0,0,-0.0117,0.9999,0,0,0.9999,0.0117,0,0.2654,0.0247,0.5122,1]},
{"frame":490,"values":[-1,0,0,0,0,-0.1355,0.9908,0,0,0.9908,0.1355,0,0.2654,0.026,0.4384,1]},
{"frame":491,"values":[-1,0,0,0,0,-0.2497,0.9683,0,0,0.9683,0.2497,0,0.2654,0.0282,0.3457,1]},
{"frame":492,"values":[-1,0,0,0,0,-0.3512,0.9363,0,0,0.9363,0.3512,0,0.2654,0.0314,0.2362,1]},
{"frame":493,"values":[-1,0,0,0,0,-0.4379,0.899,0,0,0.899,0.4379,0,0.2654,0.0354,0.1144,1]},
{"frame":500,"values":[-1,0,0,0,0,-0.6619,0.7496,0,0,0.7496,0.6619,0,0.2654,0.0572,-0.457,1]},
{"frame":501,"values":[-1,0,0,0,0,-0.6883,0.7254,0,0,0.7254,0.6883,0,0.2654,0.0684,-0.4546,1]},
{"frame":502,"values":[-1,0,0,0,0,-0.762,0.6475,0,0,0.6475,0.762,0,0.2654,0.1015,-0.4455,1]},
{"frame":503,"values":[-1,0,0,0,0,-0.8586,0.5126,0,0,0.5126,0.8586,0,0.2654,0.1519,-0.4266,1]},
{"frame":504,"values":[-1,0,0,0,0,-0.94,0.3413,0,0,0.3413,0.94,0,0.2654,0.209,-0.3955,1]},
{"frame":505,"values":[-1,0,0,0,0,-0.9835,0.1812,0,0,0.1812,0.9835,0,0.2654,0.2591,-0.3521,1]},
{"frame":506,"values":[-1,0,0,0,0,-0.9972,0.0748,0,0,0.0748,0.9972,0,0.2654,0.2917,-0.2983,1]},
{"frame":507,"values":[-1,0,0,0,0,-0.9992,0.0391,0,0,0.0391,0.9992,0,0.2654,0.3022,-0.2371,1]},
{"frame":508,"values":[-1,0,0,0,0,-0.9964,0.0847,0,0,0.0847,0.9964,0,0.2654,0.2978,-0.1591,1]},
{"frame":509,"values":[-1,0,0,0,0,-0.9735,0.2286,0,0,0.2286,0.9735,0,0.2654,0.2858,-0.0542,1]},
{"frame":510,"values":[-1,0,0,0,0,-0.8818,0.4717,0,0,0.4717,0.8818,0,0.2654,0.2661,0.073,1]},
{"frame":511,"values":[-1,0,0,0,0,-0.6501,0.7598,0,0,0.7598,0.6501,0,0.2654,0.2396,0.2126,1]},
{"frame":512,"values":[-1,0,0,0,0,-0.2765,0.961,0,0,0.961,0.2765,0,0.2654,0.2083,0.3501,1]},
{"frame":513,"values":[-1,0,0,0,0,0.1059,0.9944,0,0,0.9944,-0.1059,0,0.2654,0.1753,0.4701,1]},
{"frame":514,"values":[-1,0,0,0,0,0.372,0.9282,0,0,0.9282,-0.372,0,0.2654,0.1432,0.5606,1]},
{"frame":515,"values":[-1,0,0,0,0,0.5069,0.862,0,0,0.862,-0.5069,0,0.2654,0.1143,0.6153,1]},
{"frame":516,"values":[-1,0,0,0,0,0.5402,0.8416,0,0,0.8416,-0.5402,0,0.2654,0.0897,0.633,1]},
{"frame":517,"values":[-1,0,0,0,0,0.4408,0.8976,0,0,0.8976,-0.4408,0,0.2654,0.0622,0.6193,1]},
{"frame":518,"values":[-1,0,0,0,0,0.1924,0.9813,0,0,0.9813,-0.1924,0,0.2654,0.0346,0.5746,1]},
{"frame":519,"values":[-1,0,0,0,0,-0.0117,0.9999,0,0,0.9999,0.0117,0,0.2654,0.0247,0.5122,1]},
{"frame":520,"values":[-1,0,0,0,0,-0.1355,0.9908,0,0,0.9908,0.1355,0,0.2654,0.026,0.4384,1]},
{"frame":521,"values":[-1,0,0,0,0,-0.2497,0.9683,0,0,0.9683,0.2497,0,0.2654,0.0282,0.3457,1]},
{"frame":522,"values":[-1,0,0,0,0,-0.3512,0.9363,0,0,0.9363,0.3512,0,0.2654,0.0314,0.2362,1]},
{"frame":523,"values":[-1,0,0,0,0,-0.4379,0.899,0,0,0.899,0.4379,0,0.2654,0.0354,0.1144,1]},
{"frame":524,"values":[-1,0,0,0,0,-0.5087,0.8609,0,0,0.8609,0.5087,0,0.2654,0.0399,-0.0127,1]},
{"frame":525,"values":[-1,0,0,0,0,-0.5638,0.8259,0,0,0.8259,0.5638,0,0.2654,0.0444,-0.1364,1]},
{"frame":526,"values":[-1,0,0,0,0,-0.6044,0.7967,0,0,0.7967,0.6044,0,0.2654,0.0487,-0.2475,1]},
{"frame":527,"values":[-1,0,0,0,0,-0.6324,0.7746,0,0,0.7746,0.6324,0,0.2654,0.0523,-0.3385,1]},
{"frame":528,"values":[-1,0,0,0,0,-0.65,0.76,0,0,0.76,0.65,0,0.2654,0.055,-0.4047,1]},
{"frame":529,"values":[-1,0,0,0,0,-0.6592,0.752,0,0,0.752,0.6592,0,0.2654,0.0566,-0.4442,1]},
{"frame":530,"values":[-1,0,0,0,0,-0.6619,0.7496,0,0,0.7496,0.6619,0,0.2654,0.0572,-0.457,1]},
{"frame":531,"values":[-1,0,0,0,0,-0.6619,0.7496,0,0,0.7496,0.6619,0,0.2654,0.0572,-0.457,1]},
{"frame":540,"values":[-1,0,0,0,0,-0.6619,0.7496,0,0,0.7496,0.6619,0,0.2654,0.0572,-0.457,1]},
{"frame":541,"values":[-1,0,0,0,0,-0.6883,0.7254,0,0,0.7254,0.6883,0,0.2654,0.0684,-0.4546,1]},
{"frame":542,"values":[-1,0,0,0,0,-0.762,0.6475,0,0,0.6475,0.762,0,0.2654,0.1015,-0.4455,1]},
{"frame":543,"values":[-1,0,0,0,0,-0.8586,0.5126,0,0,0.5126,0.8586,0,0.2654,0.1519,-0.4266,1]},
{"frame":544,"values":[-1,0,0,0,0,-0.94,0.3413,0,0,0.3413,0.94,0,0.2654,0.209,-0.3955,1]},
{"frame":545,"values":[-1,0,0,0,0,-0.9835,0.1812,0,0,0.1812,0.9835,0,0.2654,0.2591,-0.3521,1]},
{"frame":546,"values":[-1,0,0,0,0,-0.9972,0.0748,0,0,0.0748,0.9972,0,0.2654,0.2917,-0.2983,1]},
{"frame":547,"values":[-1,0,0,0,0,-0.9992,0.0391,0,0,0.0391,0.9992,0,0.2654,0.3022,-0.2371,1]},
{"frame":548,"values":[-1,0,0,0,0,-0.9964,0.0847,0,0,0.0847,0.9964,0,0.2654,0.2978,-0.1591,1]},
{"frame":549,"values":[-1,0,0,0,0,-0.9735,0.2286,0,0,0.2286,0.9735,0,0.2654,0.2858,-0.0542,1]},
{"frame":550,"values":[-1,0,0,0,0,-0.8818,0.4717,0,0,0.4717,0.8818,0,0.2654,0.2661,0.073,1]},
{"frame":551,"values":[-1,0,0,0,0,-0.6501,0.7598,0,0,0.7598,0.6501,0,0.2654,0.2396,0.2126,1]},
{"frame":552,"values":[-1,0,0,0,0,-0.2765,0.961,0,0,0.961,0.2765,0,0.2654,0.2083,0.3501,1]},
{"frame":553,"values":[-1,0,0,0,0,0.1059,0.9944,0,0,0.9944,-0.1059,0,0.2654,0.1753,0.4701,1]},
{"frame":554,"values":[-1,0,0,0,0,0.372,0.9282,0,0,0.9282,-0.372,0,0.2654,0.1432,0.5606,1]},
{"frame":555,"values":[-1,0,0,0,0,0.5069,0.862,0,0,0.862,-0.5069,0,0.2654,0.1143,0.6153,1]},
{"frame":556,"values":[-1,0,0,0,0,0.5402,0.8416,0,0,0.8416,-0.5402,0,0.2654,0.0897,0.633,1]},
{"frame":557,"values":[-1,0,0,0,0,0.4408,0.8976,0,0,0.8976,-0.4408,0,0.2654,0.0622,0.6193,1]},
{"frame":558,"values":[-1,0,0,0,0,0.1924,0.9813,0,0,0.9813,-0.1924,0,0.2654,0.0346,0.5746,1]},
{"frame":559,"values":[-1,0,0,0,0,-0.0117,0.9999,0,0,0.9999,0.0117,0,0.2654,0.0247,0.5122,1]},
{"frame":560,"values":[-1,0,0,0,0,-0.1355,0.9908,0,0,0.9908,0.1355,0,0.2654,0.026,0.4384,1]},
{"frame":561,"values":[-1,0,0,0,0,-0.2497,0.9683,0,0,0.9683,0.2497,0,0.2654,0.0282,0.3457,1]},
{"frame":562,"values":[-1,0,0,0,0,-0.3512,0.9363,0,0,0.9363,0.3512,0,0.2654,0.0314,0.2362,1]},
{"frame":563,"values":[-1,0,0,0,0,-0.4379,0.899,0,0,0.899,0.4379,0,0.2654,0.0354,0.1144,1]},
{"frame":564,"values":[-1,0,0,0,0,-0.5087,0.8609,0,0,0.8609,0.5087,0,0.2654,0.0399,-0.0127,1]},
{"frame":565,"values":[-1,0,0,0,0,-0.5638,0.8259,0,0,0.8259,0.5638,0,0.2654,0.0444,-0.1364,1]},
{"frame":570,"values":[-1,0,0,0,0,-0.6619,0.7496,0,0,0.7496,0.6619,0,0.2654,0.0572,-0.457,1]},
{"frame":571,"values":[-1,0,0,0,0,-0.6883,0.7254,0,0,0.7254,0.6883,0,0.2654,0.0684,-0.4546,1]},
{"frame":572,"values":[-1,0,0,0,0,-0.762,0.6475,0,0,0.6475,0.762,0,0.2654,0.1015,-0.4455,1]},
{"frame":573,"values":[-1,0,0,0,0,-0.8586,0.5126,0,0,0.5126,0.8586,0,0.2654,0.1519,-0.4266,1]},
{"frame":574,"values":[-1,0,0,0,0,-0.94,0.3413,0,0,0.3413,0.94,0,0.2654,0.209,-0.3955,1]},
{"frame":575,"values":[-1,0,0,0,0,-0.9835,0.1812,0,0,0.1812,0.9835,0,0.2654,0.2591,-0.3521,1]},
{"frame":576,"values":[-1,0,0,0,0,-0.9972,0.0748,0,0,0.0748,0.9972,0,0.2654,0.2917,-0.2983,1]},
{"frame":577,"values":[-1,0,0,0,0,-0.9992,0.0391,0,0,0.0391,0.9992,0,0.2654,0.3022,-0.2371,1]},
{"frame":578,"values":[-1,0,0,0,0,-0.9964,0.0847,0,0,0.0847,0.9964,0,0.2654,0.2978,-0.1591,1]},
{"frame":579,"values":[-1,0,0,0,0,-0.9735,0.2286,0,0,0.2286,0.9735,0,0.2654,0.2858,-0.0542,1]},
{"frame":580,"values":[-1,0,0,0,0,-0.8818,0.4717,0,0,0.4717,0.8818,0,0.2654,0.2661,0.073,1]},
{"frame":581,"values":[-1,0,0,0,0,-0.6501,0.7598,0,0,0.7598,0.6501,0,0.2654,0.2396,0.2126,1]},
{"frame":582,"values":[-1,0,0,0,0,-0.2765,0.961,0,0,0.961,0.2765,0,0.2654,0.2083,0.3501,1]},
{"frame":583,"values":[-1,0,0,0,0,0.1059,0.9944,0,0,0.9944,-0.1059,0,0.2654,0.1753,0.4701,1]},
{"frame":584,"values":[-1,0,0,0,0,0.372,0.9282,0,0,0.9282,-0.372,0,0.2654,0.1432,0.5606,1]},
{"frame":585,"values":[-1,0,0,0,0,0.5069,0.862,0,0,0.862,-0.5069,0,0.2654,0.1143,0.6153,1]},
{"frame":586,"values":[-1,0,0,0,0,0.5402,0.8416,0,0,0.8416,-0.5402,0,0.2654,0.0897,0.633,1]},
{"frame":587,"values":[-1,0,0,0,0,0.4408,0.8976,0,0,0.8976,-0.4408,0,0.2654,0.0622,0.6193,1]},
